bank	NOMINAL_SHARE_CAPITAL	NOMINAL_VALUE_OF_UNISSUED_SHARE_CAPITAL	ISSUED_SHARE_CAPITAL	PAID-UP_CAPITAL	GENERAL_RESERVE	INVESTMENT_FLUCTUATION_RESERVE	UNAPPRTD_SURPLUS/RETAINED_EARNINGS	ALL_OTHER_RESERVES	TOTAL_PAID-UP_CAPITAL_&_RESERVES	UNDERWRITING_PROVISIONS	LONG_TERM_LIABILITIES	CURRENT_LIABLITIES	TOTAL_PAID-UP_CAPITAL,_RES_ERVES_&_LIABILITIES	LAND_&_BUILDINGS	INVESTMENT_PROPERTY	OTHER_FIXED_ASSETS	KENYA_GOVT._SECURITIES	LOCAL_GOVT._AUTHORITY_SECURITIES	OTHER_SECURITIES	DEBENTURES_(QUOTED_&_UNQUOTED)	PREFERENCE_SHARES_(QUOTED_&_UNQUOTED)	INVESTMENT_IN_SUBSIDIARY	QUOTED_ORDINARY_SHARES	UNQUOTED_ORDINARY_SHARES	SECURED_LOANS_(INCLUDING_LOAN_OF_POLICIES)	UNSECURED_LOANS	DEPOSITS_(WITH_BANKS_&_OTHER_INSTITUTIONS)	OTHER_INVESTMENTS	OUTSTANDING_PREMIUMS	AMOUNTS_DUE_FROM_RE-INSURERS	CASH	OTHER_CURRENT_ASSETS	INTANGIBLE_ASSETS	TOTAL_ASSETS	AMOUNTS_IN_'000'_KES	YEARS
NO.	1	2	3	4	5	6	7	8	9	10	11	12	13	14	15	16	17	18	19	20	21	22	23	24	25	26	27	28	29	30	31	32	33	34		2011
UNNAMED:_2																																				2011
CHARTIS_(K)	300000		300000	300000		-137083	386837	150000	699754	1176302	65677	719981	2596037	105674	67684	124096	1343521			-	-		81754			-	519250	122500	142536		74954	183163	4263	2596037		2011
AMACO	500000		500000	500000			102818		602818	895178	90876	279631	1777627	335750	90878	112097	227000			-	-					-	526794		409062	122538	6286	37540	560	1777627		2011
APA	500000		500000	500000		-703175	1879420	42281	1718526	5462064	78695	462628	7643218	108000	656784	55505	2318352			-	-		1427684	89040	71387	75841	521012	758950	679795	898798	52667	318968	267219	7643218		2011
BLUE_SHIELD	0	0	0	0	0	0	0	0	0	0	0	0	0	0	0	0	0		0	0	0	0	0	0	0	0	0	0	0	0	0	0	0			2011
BRITAK	300000		300000	300000				669412	969412	1953407	28860	206651	3158330	89768	897868	24271	927555		50795	-	-		500048			-	315950		222985	520769	129929	450212	15816	3158330		2011
CANNON	300000		300000	300000			432493	121007	853500	1358705	9	233324	2445529	691250	98757	76162	334040		17099	-	-		295923	231237		-	257340		249019	97008	1444	189540	5467	2445529		2011
CFC_LIFE	460000		460000	460000			-312549		147451	21673	56	500	169624	90574	78668					-	-					-					30616	139008		169624		2011
CONCORD	0	0	0	0	0	0		0	0	0	78	0	0	0	0	0	0	0	0	0	0	0	0	0	0	0	0	0		0	0	0	0	0		2011
CO-OPERATIVE	1492880		1492880	1492880				1394707	2887587	4385693	9	333927	7607207	12	1012724	98785	1267572			-	-	311000	81583	16205	217908	-	1624699	100000	678968	12070	111592	2074101		7607207		2011
CORPORATE	300000		300000	300000			180828		480828	352646	8	28002	861476	16	356364	5873	80394			-	-		1857			-	201775		130448		38736	46029		861476		2011
NO.	1	2	3	4	5	6	7	8	9	10	11	12	13	14	15	16	17	18	19	20	21	22	23	24	25	26	27	28	29	30	31	32	33	34		2011
INVESCO																																				2011
JUBILEE	500000		500000	500000	1772498				2272498	5484069	544003	233558	8534128	98758	98765	21181	1282326			-	573		964208	1674992		-	200200	381149	682841	1126883	96972	2102803		8534128		2011
KENINDIA	600000	38612	561388	400000		-52762	683962	1198	1032398	2422936	190188	161322	3806844	1111197	87898	42913	750227			-	-		267755	190153	2747	-	140326		356447	556884	234171	154024		3806844		2011
KENYA_ORIENT	309400		309400	309400	36135			18173	363708	455081	2960	174215	995964	90574	977875	51744	417200	-		-	-		997	25407		-	105202	40000	179112	58330	15192	11384	822	995964		2011
KENYA_RE	1500000		1500000	1500000			7608624	960755	10069379	4530331	393432	359361	15352503	987645	6789679	274054	2163303	-	48393	-	-	1133445	2008823	89971	320074	-	2219446	4405000		337672	169732	2172118	10472	15352503		2011
KENYAN_ALLIANCE	300000		300000	300000	19340		677730	-38337	958733	1563473	16123	81505	2619834	39846	893857	237142	164590	-	137119	-	-		55168			-	576921		133246	251402	33665	96878		2619834		2011
LION_OF_KENYA	300000		300000	300000		112510	1556636	360726	2329872	3264437	266228	435387	6295924	128571	2400900	8543	891515	-		-	-		225465		108499		431118	50147	275756	261032	21210	1493168		6295924		2011
MADISON	300000		300000	300000			173512		473512	8965646	89757	731399	1204911	17534	90897	11308	136163	-		-	-		20520	54402			176720	105000	291193		13390	396219		1204911		2011
MAYFAIR	450000	130000	320000	320000	42619	19589			382208	789766	8976	132758	1304732	175263	78665	44870	315034	-		-	-		75198	108509			340837		88643	4440	22256	129682		1304732		2011
MERCANTILE	300000		300000	300000		-4499	66511		362012	216676	40686	88885	708259	170000	786575	15508	218480	-		-	-		17623				152380		27278	78402	8979	19609		708259		2011
bank	NOMINAL_SHARE_CAPITAL	NOMINAL_VALUE_OF_UNISSUED_SHARE_CAPITAL	ISSUED_SHARE_CAPITAL	PAID-UP_CAPITAL	GENERAL_RESERVE	INVESTMENT_FLUCTUATION_RESERVE	UNAPPRTD_SURPLUS/RETAINED_EARNINGS	ALL_OTHER_RESERVES	TOTAL_PAID-UP_CAPITAL_&_RESERVES	UNDERWRITING_PROVISIONS	LONG_TERM_LIABILITIES	CURRENT_LIABLITIES	TOTAL_PAID-UP_CAPITAL,_RES_ERVES_&_LIABILITIES	LAND_&_BUILDINGS	INVESTMENT_PROPERTY	OTHER_FIXED_ASSETS	KENYA_GOVT._SECURITIES	LOCAL_GOVT._AUTHORITY_SECURITIES	OTHER_SECURITIES	DEBENTURES_(QUOTED_&_UNQUOTED)	PREFERENCE_SHARES_(QUOTED_&_UNQUOTED)	INVESTMENT_IN_SUBSIDIARY	QUOTED_ORDINARY_SHARES	UNQUOTED_ORDINARY_SHARES	SECURED_LOANS_(INCLUDING_LOAN_OF_POLICIES)	UNSECURED_LOANS	DEPOSITS_(WITH_BANKS_&_OTHER_INSTITUTIONS)	OTHER_INVESTMENTS	OUTSTANDING_PREMIUMS	AMOUNTS_DUE_FROM_RE-INSURERS	CASH	OTHER_CURRENT_ASSETS	INTANGIBLE_ASSETS	TOTAL_ASSETS	AMOUNTS_IN_'000'_KES	YEARS
NO.	1	2	3	4	5	6	7	8	9	10	11	12	13	14	15	16	17	18	19	20	21	22	23	24	25	26	27	28	29	30	31	32	33	34		2011
UNNAMED:_2																																				2011
CHARTIS_(K)	300000		300000	300000		-137083	386837	150000	699754	1176302	65677	719981	2596037	105674	67684	124096	1343521			-	-		81754			-	519250	122500	142536		74954	183163	4263	2596037		2011
AMACO	500000		500000	500000			102818		602818	895178	90876	279631	1777627	335750	90878	112097	227000			-	-					-	526794		409062	122538	6286	37540	560	1777627		2011
APA	500000		500000	500000		-703175	1879420	42281	1718526	5462064	78695	462628	7643218	108000	656784	55505	2318352			-	-		1427684	89040	71387	75841	521012	758950	679795	898798	52667	318968	267219	7643218		2011
BLUE_SHIELD	0	0	0	0	0	0	0	0	0	0	0	0	0	0	0	0	0		0	0	0	0	0	0	0	0	0	0	0	0	0	0	0			2011
BRITAK	300000		300000	300000				669412	969412	1953407	28860	206651	3158330	89768	897868	24271	927555		50795	-	-		500048			-	315950		222985	520769	129929	450212	15816	3158330		2011
CANNON	300000		300000	300000			432493	121007	853500	1358705	9	233324	2445529	691250	98757	76162	334040		17099	-	-		295923	231237		-	257340		249019	97008	1444	189540	5467	2445529		2011
CFC_LIFE	460000		460000	460000			-312549		147451	21673	56	500	169624	90574	78668					-	-					-					30616	139008		169624		2011
CONCORD	0	0	0	0	0	0		0	0	0	78	0	0	0	0	0	0	0	0	0	0	0	0	0	0	0	0	0		0	0	0	0	0		2011
CO-OPERATIVE	1492880		1492880	1492880				1394707	2887587	4385693	9	333927	7607207	12	1012724	98785	1267572			-	-	311000	81583	16205	217908	-	1624699	100000	678968	12070	111592	2074101		7607207		2011
CORPORATE	300000		300000	300000			180828		480828	352646	8	28002	861476	16	356364	5873	80394			-	-		1857			-	201775		130448		38736	46029		861476		2011
NO.	1	2	3	4	5	6	7	8	9	10	11	12	13	14	15	16	17	18	19	20	21	22	23	24	25	26	27	28	29	30	31	32	33	34		2011
INVESCO																																				2011
JUBILEE	500000		500000	500000	1772498				2272498	5484069	544003	233558	8534128	98758	98765	21181	1282326			-	573		964208	1674992		-	200200	381149	682841	1126883	96972	2102803		8534128		2011
KENINDIA	600000	38612	561388	400000		-52762	683962	1198	1032398	2422936	190188	161322	3806844	1111197	87898	42913	750227			-	-		267755	190153	2747	-	140326		356447	556884	234171	154024		3806844		2011
KENYA_ORIENT	309400		309400	309400	36135			18173	363708	455081	2960	174215	995964	90574	977875	51744	417200	-		-	-		997	25407		-	105202	40000	179112	58330	15192	11384	822	995964		2011
KENYA_RE	1500000		1500000	1500000			7608624	960755	10069379	4530331	393432	359361	15352503	987645	6789679	274054	2163303	-	48393	-	-	1133445	2008823	89971	320074	-	2219446	4405000		337672	169732	2172118	10472	15352503		2011
KENYAN_ALLIANCE	300000		300000	300000	19340		677730	-38337	958733	1563473	16123	81505	2619834	39846	893857	237142	164590	-	137119	-	-		55168			-	576921		133246	251402	33665	96878		2619834		2011
LION_OF_KENYA	300000		300000	300000		112510	1556636	360726	2329872	3264437	266228	435387	6295924	128571	2400900	8543	891515	-		-	-		225465		108499		431118	50147	275756	261032	21210	1493168		6295924		2011
MADISON	300000		300000	300000			173512		473512	8965646	89757	731399	1204911	17534	90897	11308	136163	-		-	-		20520	54402			176720	105000	291193		13390	396219		1204911		2011
MAYFAIR	450000	130000	320000	320000	42619	19589			382208	789766	8976	132758	1304732	175263	78665	44870	315034	-		-	-		75198	108509			340837		88643	4440	22256	129682		1304732		2011
MERCANTILE	300000		300000	300000		-4499	66511		362012	216676	40686	88885	708259	170000	786575	15508	218480	-		-	-		17623				152380		27278	78402	8979	19609		708259		2011
bank	NOMINAL_SHARE_CAPITAL	NOMINAL_VALUE_OF_UNISSUED_SHARE_CAPITAL	ISSUED_SHARE_CAPITAL	PAID-UP_CAPITAL	GENERAL_RESERVE	INVESTMENT_FLUCTUATION_RESERVE	UNAPPRTD_SURPLUS/RETAINED_EARNINGS	ALL_OTHER_RESERVES	TOTAL_PAID-UP_CAPITAL_&_RESERVES	UNDERWRITING_PROVISIONS	LONG_TERM_LIABILITIES	CURRENT_LIABLITIES	TOTAL_PAID-UP_CAPITAL,_RES_ERVES_&_LIABILITIES	LAND_&_BUILDINGS	INVESTMENT_PROPERTY	OTHER_FIXED_ASSETS	KENYA_GOVT._SECURITIES	LOCAL_GOVT._AUTHORITY_SECURITIES	OTHER_SECURITIES	DEBENTURES_(QUOTED_&_UNQUOTED)	PREFERENCE_SHARES_(QUOTED_&_UNQUOTED)	INVESTMENT_IN_SUBSIDIARY	QUOTED_ORDINARY_SHARES	UNQUOTED_ORDINARY_SHARES	SECURED_LOANS_(INCLUDING_LOAN_OF_POLICIES)	UNSECURED_LOANS	DEPOSITS_(WITH_BANKS_&_OTHER_INSTITUTIONS)	OTHER_INVESTMENTS	OUTSTANDING_PREMIUMS	AMOUNTS_DUE_FROM_RE-INSURERS	CASH	OTHER_CURRENT_ASSETS	INTANGIBLE_ASSETS	TOTAL_ASSETS	AMOUNTS_IN_'000'_KES	YEARS
NO.	1	2	3	4	5	6	7	8	9	10	11	12	13	14	15	16	17	18	19	20	21	22	23	24	25	26	27	28	29	30	31	32	33	34		2011
UNNAMED:_2																																				2011
CHARTIS_(K)	300000		300000	300000		-137083	386837	150000	699754	1176302	65677	719981	2596037	105674	67684	124096	1343521			-	-		81754			-	519250	122500	142536		74954	183163	4263	2596037		2011
AMACO	500000		500000	500000			102818		602818	895178	90876	279631	1777627	335750	90878	112097	227000			-	-					-	526794		409062	122538	6286	37540	560	1777627		2011
APA	500000		500000	500000		-703175	1879420	42281	1718526	5462064	78695	462628	7643218	108000	656784	55505	2318352			-	-		1427684	89040	71387	75841	521012	758950	679795	898798	52667	318968	267219	7643218		2011
BLUE_SHIELD	0	0	0	0	0	0	0	0	0	0	0	0	0	0	0	0	0		0	0	0	0	0	0	0	0	0	0	0	0	0	0	0			2011
BRITAK	300000		300000	300000				669412	969412	1953407	28860	206651	3158330	89768	897868	24271	927555		50795	-	-		500048			-	315950		222985	520769	129929	450212	15816	3158330		2011
CANNON	300000		300000	300000			432493	121007	853500	1358705	9	233324	2445529	691250	98757	76162	334040		17099	-	-		295923	231237		-	257340		249019	97008	1444	189540	5467	2445529		2011
CFC_LIFE	460000		460000	460000			-312549		147451	21673	56	500	169624	90574	78668					-	-					-					30616	139008		169624		2011
CONCORD	0	0	0	0	0	0		0	0	0	78	0	0	0	0	0	0	0	0	0	0	0	0	0	0	0	0	0		0	0	0	0	0		2011
CO-OPERATIVE	1492880		1492880	1492880				1394707	2887587	4385693	9	333927	7607207	12	1012724	98785	1267572			-	-	311000	81583	16205	217908	-	1624699	100000	678968	12070	111592	2074101		7607207		2011
CORPORATE	300000		300000	300000			180828		480828	352646	8	28002	861476	16	356364	5873	80394			-	-		1857			-	201775		130448		38736	46029		861476		2011
NO.	1	2	3	4	5	6	7	8	9	10	11	12	13	14	15	16	17	18	19	20	21	22	23	24	25	26	27	28	29	30	31	32	33	34		2011
INVESCO																																				2011
JUBILEE	500000		500000	500000	1772498				2272498	5484069	544003	233558	8534128	98758	98765	21181	1282326			-	573		964208	1674992		-	200200	381149	682841	1126883	96972	2102803		8534128		2011
KENINDIA	600000	38612	561388	400000		-52762	683962	1198	1032398	2422936	190188	161322	3806844	1111197	87898	42913	750227			-	-		267755	190153	2747	-	140326		356447	556884	234171	154024		3806844		2011
KENYA_ORIENT	309400		309400	309400	36135			18173	363708	455081	2960	174215	995964	90574	977875	51744	417200	-		-	-		997	25407		-	105202	40000	179112	58330	15192	11384	822	995964		2011
KENYA_RE	1500000		1500000	1500000			7608624	960755	10069379	4530331	393432	359361	15352503	987645	6789679	274054	2163303	-	48393	-	-	1133445	2008823	89971	320074	-	2219446	4405000		337672	169732	2172118	10472	15352503		2011
KENYAN_ALLIANCE	300000		300000	300000	19340		677730	-38337	958733	1563473	16123	81505	2619834	39846	893857	237142	164590	-	137119	-	-		55168			-	576921		133246	251402	33665	96878		2619834		2011
LION_OF_KENYA	300000		300000	300000		112510	1556636	360726	2329872	3264437	266228	435387	6295924	128571	2400900	8543	891515	-		-	-		225465		108499		431118	50147	275756	261032	21210	1493168		6295924		2011
MADISON	300000		300000	300000			173512		473512	8965646	89757	731399	1204911	17534	90897	11308	136163	-		-	-		20520	54402			176720	105000	291193		13390	396219		1204911		2011
MAYFAIR	450000	130000	320000	320000	42619	19589			382208	789766	8976	132758	1304732	175263	78665	44870	315034	-		-	-		75198	108509			340837		88643	4440	22256	129682		1304732		2011
MERCANTILE	300000		300000	300000		-4499	66511		362012	216676	40686	88885	708259	170000	786575	15508	218480	-		-	-		17623				152380		27278	78402	8979	19609		708259		2011
bank	NOMINAL_SHARE_CAPITAL	NOMINAL_VALUE_OF_UNISSUED_SHARE_CAPITAL	ISSUED_SHARE_CAPITAL	PAID-UP_CAPITAL	GENERAL_RESERVE	INVESTMENT_FLUCTUATION_RESERVE	UNAPPRTD_SURPLUS/RETAINED_EARNINGS	ALL_OTHER_RESERVES	TOTAL_PAID-UP_CAPITAL_&_RESERVES	UNDERWRITING_PROVISIONS	LONG_TERM_LIABILITIES	CURRENT_LIABLITIES	TOTAL_PAID-UP_CAPITAL,_RES_ERVES_&_LIABILITIES	LAND_&_BUILDINGS	INVESTMENT_PROPERTY	OTHER_FIXED_ASSETS	KENYA_GOVT._SECURITIES	LOCAL_GOVT._AUTHORITY_SECURITIES	OTHER_SECURITIES	DEBENTURES_(QUOTED_&_UNQUOTED)	PREFERENCE_SHARES_(QUOTED_&_UNQUOTED)	INVESTMENT_IN_SUBSIDIARY	QUOTED_ORDINARY_SHARES	UNQUOTED_ORDINARY_SHARES	SECURED_LOANS_(INCLUDING_LOAN_OF_POLICIES)	UNSECURED_LOANS	DEPOSITS_(WITH_BANKS_&_OTHER_INSTITUTIONS)	OTHER_INVESTMENTS	OUTSTANDING_PREMIUMS	AMOUNTS_DUE_FROM_RE-INSURERS	CASH	OTHER_CURRENT_ASSETS	INTANGIBLE_ASSETS	TOTAL_ASSETS	AMOUNTS_IN_'000'_KES	YEARS
NO.	1	2	3	4	5	6	7	8	9	10	11	12	13	14	15	16	17	18	19	20	21	22	23	24	25	26	27	28	29	30	31	32	33	34		2011
UNNAMED:_2																																				2011
CHARTIS_(K)	300000		300000	300000		-137083	386837	150000	699754	1176302	65677	719981	2596037	105674	67684	124096	1343521			-	-		81754			-	519250	122500	142536		74954	183163	4263	2596037		2011
AMACO	500000		500000	500000			102818		602818	895178	90876	279631	1777627	335750	90878	112097	227000			-	-					-	526794		409062	122538	6286	37540	560	1777627		2011
APA	500000		500000	500000		-703175	1879420	42281	1718526	5462064	78695	462628	7643218	108000	656784	55505	2318352			-	-		1427684	89040	71387	75841	521012	758950	679795	898798	52667	318968	267219	7643218		2011
BLUE_SHIELD	0	0	0	0	0	0	0	0	0	0	0	0	0	0	0	0	0		0	0	0	0	0	0	0	0	0	0	0	0	0	0	0			2011
BRITAK	300000		300000	300000				669412	969412	1953407	28860	206651	3158330	89768	897868	24271	927555		50795	-	-		500048			-	315950		222985	520769	129929	450212	15816	3158330		2011
CANNON	300000		300000	300000			432493	121007	853500	1358705	9	233324	2445529	691250	98757	76162	334040		17099	-	-		295923	231237		-	257340		249019	97008	1444	189540	5467	2445529		2011
CFC_LIFE	460000		460000	460000			-312549		147451	21673	56	500	169624	90574	78668					-	-					-					30616	139008		169624		2011
CONCORD	0	0	0	0	0	0		0	0	0	78	0	0	0	0	0	0	0	0	0	0	0	0	0	0	0	0	0		0	0	0	0	0		2011
CO-OPERATIVE	1492880		1492880	1492880				1394707	2887587	4385693	9	333927	7607207	12	1012724	98785	1267572			-	-	311000	81583	16205	217908	-	1624699	100000	678968	12070	111592	2074101		7607207		2011
CORPORATE	300000		300000	300000			180828		480828	352646	8	28002	861476	16	356364	5873	80394			-	-		1857			-	201775		130448		38736	46029		861476		2011
NO.	1	2	3	4	5	6	7	8	9	10	11	12	13	14	15	16	17	18	19	20	21	22	23	24	25	26	27	28	29	30	31	32	33	34		2011
INVESCO																																				2011
JUBILEE	500000		500000	500000	1772498				2272498	5484069	544003	233558	8534128	98758	98765	21181	1282326			-	573		964208	1674992		-	200200	381149	682841	1126883	96972	2102803		8534128		2011
KENINDIA	600000	38612	561388	400000		-52762	683962	1198	1032398	2422936	190188	161322	3806844	1111197	87898	42913	750227			-	-		267755	190153	2747	-	140326		356447	556884	234171	154024		3806844		2011
KENYA_ORIENT	309400		309400	309400	36135			18173	363708	455081	2960	174215	995964	90574	977875	51744	417200	-		-	-		997	25407		-	105202	40000	179112	58330	15192	11384	822	995964		2011
KENYA_RE	1500000		1500000	1500000			7608624	960755	10069379	4530331	393432	359361	15352503	987645	6789679	274054	2163303	-	48393	-	-	1133445	2008823	89971	320074	-	2219446	4405000		337672	169732	2172118	10472	15352503		2011
KENYAN_ALLIANCE	300000		300000	300000	19340		677730	-38337	958733	1563473	16123	81505	2619834	39846	893857	237142	164590	-	137119	-	-		55168			-	576921		133246	251402	33665	96878		2619834		2011
LION_OF_KENYA	300000		300000	300000		112510	1556636	360726	2329872	3264437	266228	435387	6295924	128571	2400900	8543	891515	-		-	-		225465		108499		431118	50147	275756	261032	21210	1493168		6295924		2011
MADISON	300000		300000	300000			173512		473512	8965646	89757	731399	1204911	17534	90897	11308	136163	-		-	-		20520	54402			176720	105000	291193		13390	396219		1204911		2011
MAYFAIR	450000	130000	320000	320000	42619	19589			382208	789766	8976	132758	1304732	175263	78665	44870	315034	-		-	-		75198	108509			340837		88643	4440	22256	129682		1304732		2011
MERCANTILE	300000		300000	300000		-4499	66511		362012	216676	40686	88885	708259	170000	786575	15508	218480	-		-	-		17623				152380		27278	78402	8979	19609		708259		2011
